32 32
00100000000000000000000000000000
00100000000000000000000000000000
00000110000000000000000000000000
00000000000000000000000000000000
00000000000000000000000000000000
00001111000000000000000000000000
00000000000000000000000002000000
00003000000000000000000000000000
00000000000000000000000000000000
00000000000000000000000000000000
00100000000000000000000000000000
00100000000000000000000000000000
00000110000000000000000000000000
00000000000000000000000000000000
00000000000000000000000000000000
00001111000000000000000000000000
00000000000000000000000000000000
00000000000000000000000000000000
00000000000000000000000000000000
00000000000000000000000000000000
00100000000000000000000000000000
00100000000000000000000000000000
00000110000000000000000000000000
00000000000000000000000000000000
00000000000000000000000000000000
00001111000000000000000000000000
00000000000000000000000000000000
00000000000000000000000000000000
00000000000000000000000000000000
00000000000000000000000000000000
00000000000000000000000000000000
00000000000000000000000000000001
